4037 0.00460717
15 0.00367986
6634 0.00358685
2625 0.00328366
2398 0.00260864
2470 0.00252377
2237 0.00249663
4191 0.00226785
7553 0.00216973
5254 0.0021501
2328 0.00203926
1186 0.00203553
1297 0.00194584
4335 0.00193676
7620 0.00193208
5412 0.00191892
7632 0.00190774
4875 0.00187381
6946 0.00180842
3352 0.00178396
6832 0.00176818
2654 0.00176698
762 0.00174215
737 0.00173963
2066 0.0017157
8293 0.00170531
3089 0.00170201
28 0.00168881
2535 0.0016662
3334 0.00165696
214 0.00165152
665 0.00164307
4735 0.0016192
6774 0.00161489
7092 0.00160163
2565 0.00155118
5484 0.00154302
8042 0.0014768
4310 0.001462
5423 0.00141763
1211 0.00141758
3456 0.00141687
2657 0.00136519
5404 0.00136395
5233 0.00136178
4712 0.00134189
271 0.00132626
4828 0.00130062
5079 0.00129916
4261 0.00128576
5210 0.00128029
8163 0.00126326
6914 0.00126051
3459 0.00125732
2285 0.00124166
1549 0.00124151
1842 0.00123519
4666 0.00121193
993 0.00120025
3084 0.00118348
3562 0.00117819
1026 0.00117288
5123 0.00116488
2958 0.00115893
3537 0.00114431
3117 0.0011438
2576 0.00114004
2643 0.00112121
922 0.00111005
5022 0.00110794
299 0.00110406
1855 0.00110147
3897 0.00109905
2651 0.00109872
4110 0.00109648
282 0.00107482
4600 0.00107046
1031 0.00106922
4687 0.00106847
7699 0.00106534
4536 0.00106451
2871 0.00106402
2746 0.00106384
3443 0.0010627
3755 0.00106137
1385 0.0010594
3568 0.00105171
5459 0.00104962
5543 0.00104911
4400 0.00104318
2485 0.00102955
1633 0.00101714
7890 0.0010142
3976 0.00101296
4256 0.00101159
1726 0.000996358
3238 0.000990669
2323 0.000986749
6784 0.0009821
3034 0.000978996
